c0_l1_0
203
1
2
4
5
6
7
8
11
12
17
18
20
22
23
24
25
27
28
29
30
32
33
34
35
36
37
39
40
41
42
43
44
45
46
49
50
52
56
57
58
59
61
62
64
66
67
68
70
71
72
73
74
76
77
78
81
82
83
84
85
87
88
90
91
92
93
94
95
96
97
98
99
100
101
102
103
104
105
106
107
108
109
110
111
112
113
114
115
117
118
119
122
123
125
127
129
130
132
133
135
136
139
142
144
145
146
147
148
149
150
151
153
154
155
158
160
161
163
165
166
168
170
172
174
175
176
177
178
180
181
182
183
184
185
186
187
188
189
190
191
192
193
194
195
197
198
199
200
201
203
205
206
207
208
209
211
212
213
214
215
216
217
218
220
221
222
224
225
228
229
230
232
233
236
238
241
242
243
244
246
247
252
253
255
257
258
260
261
266
268
269
270
271
272
273
277
279
281
282
283
286
287
288
