c0_l1_0
1
0
c0_l1_1
1
1
c0_l1_10
1
10
c0_l1_100
1
100
c0_l1_101
1
101
c0_l1_102
1
102
c0_l1_103
1
103
c0_l1_104
1
104
c0_l1_105
1
105
c0_l1_106
1
106
c0_l1_107
1
107
c0_l1_108
1
108
c0_l1_109
1
109
c0_l1_11
1
11
c0_l1_110
1
110
c0_l1_111
2
27
111
c0_l1_112
1
112
c0_l1_113
4
53
113
186
304
c0_l1_114
1
114
c0_l1_115
1
115
c0_l1_116
1
116
c0_l1_117
1
117
c0_l1_118
1
118
c0_l1_119
1
119
c0_l1_12
3
12
86
347
c0_l1_120
1
120
c0_l1_121
1
121
c0_l1_122
1
122
c0_l1_123
1
123
c0_l1_124
1
124
c0_l1_125
1
125
c0_l1_126
1
126
c0_l1_127
1
127
c0_l1_128
1
128
c0_l1_129
1
129
c0_l1_13
1
13
c0_l1_130
1
130
c0_l1_131
1
131
c0_l1_132
1
132
c0_l1_133
1
133
c0_l1_134
1
134
c0_l1_135
1
135
c0_l1_136
1
136
c0_l1_137
1
137
c0_l1_138
1
138
c0_l1_139
1
139
c0_l1_14
1
14
c0_l1_140
1
140
c0_l1_141
2
141
180
c0_l1_142
1
142
c0_l1_143
1
143
c0_l1_144
3
144
256
311
c0_l1_145
1
145
c0_l1_146
2
146
167
c0_l1_147
1
147
c0_l1_149
1
149
c0_l1_15
1
15
c0_l1_150
1
150
c0_l1_151
1
151
c0_l1_152
1
152
c0_l1_153
1
153
c0_l1_154
1
154
c0_l1_155
1
155
c0_l1_156
1
156
c0_l1_157
1
157
c0_l1_158
1
158
c0_l1_159
1
159
c0_l1_160
1
160
c0_l1_161
1
161
c0_l1_162
1
162
c0_l1_163
1
163
c0_l1_164
2
52
164
c0_l1_165
1
165
c0_l1_166
1
166
c0_l1_168
1
168
c0_l1_169
1
169
c0_l1_17
1
17
c0_l1_170
1
170
c0_l1_171
1
171
c0_l1_172
1
172
c0_l1_173
1
173
c0_l1_174
1
174
c0_l1_175
1
175
c0_l1_176
1
176
c0_l1_177
1
177
c0_l1_178
4
178
189
290
301
c0_l1_179
1
179
c0_l1_18
1
18
c0_l1_181
1
181
c0_l1_182
1
182
c0_l1_183
1
183
c0_l1_184
1
184
c0_l1_185
1
185
c0_l1_187
1
187
c0_l1_188
1
188
c0_l1_19
1
19
c0_l1_190
1
190
c0_l1_191
1
191
c0_l1_192
1
192
c0_l1_193
1
193
c0_l1_194
1
194
c0_l1_195
1
195
c0_l1_196
2
196
282
c0_l1_197
1
197
c0_l1_198
1
198
c0_l1_199
1
199
c0_l1_2
1
2
c0_l1_20
1
20
c0_l1_200
1
200
c0_l1_201
1
201
c0_l1_202
1
202
c0_l1_203
1
203
c0_l1_204
1
204
c0_l1_205
1
205
c0_l1_206
1
206
c0_l1_207
1
207
c0_l1_208
1
208
c0_l1_209
1
209
c0_l1_21
1
21
c0_l1_210
1
210
c0_l1_211
1
211
c0_l1_212
1
212
c0_l1_213
1
213
c0_l1_214
1
214
c0_l1_216
1
216
c0_l1_217
1
217
c0_l1_218
1
218
c0_l1_219
1
219
c0_l1_22
1
22
c0_l1_220
1
220
c0_l1_221
1
221
c0_l1_222
1
222
c0_l1_223
1
223
c0_l1_224
1
224
c0_l1_225
1
225
c0_l1_226
1
226
c0_l1_227
1
227
c0_l1_229
1
229
c0_l1_23
1
23
c0_l1_230
1
230
c0_l1_231
1
231
c0_l1_232
1
232
c0_l1_233
1
233
c0_l1_234
1
234
c0_l1_235
1
235
c0_l1_236
1
236
c0_l1_237
1
237
c0_l1_238
1
238
c0_l1_24
1
24
c0_l1_240
1
240
c0_l1_241
1
241
c0_l1_242
1
242
c0_l1_243
1
243
c0_l1_244
1
244
c0_l1_245
1
245
c0_l1_246
1
246
c0_l1_247
1
247
c0_l1_248
1
248
c0_l1_249
1
249
c0_l1_25
1
25
c0_l1_250
1
250
c0_l1_251
1
251
c0_l1_252
1
252
c0_l1_253
1
253
c0_l1_254
1
254
c0_l1_255
1
255
c0_l1_257
1
257
c0_l1_258
1
258
c0_l1_259
1
259
c0_l1_26
1
26
c0_l1_260
1
260
c0_l1_261
1
261
c0_l1_262
1
262
c0_l1_263
1
263
c0_l1_264
1
264
c0_l1_265
1
265
c0_l1_266
1
266
c0_l1_267
1
267
c0_l1_268
1
268
c0_l1_269
1
269
c0_l1_270
1
270
c0_l1_271
1
271
c0_l1_272
1
272
c0_l1_273
1
273
c0_l1_274
1
274
c0_l1_275
1
275
c0_l1_276
1
276
c0_l1_277
1
277
c0_l1_278
1
278
c0_l1_279
1
279
c0_l1_28
2
28
305
c0_l1_280
1
280
c0_l1_281
1
281
c0_l1_283
1
283
c0_l1_284
1
284
c0_l1_285
1
285
c0_l1_286
1
286
c0_l1_287
1
287
c0_l1_288
1
288
c0_l1_289
1
289
c0_l1_29
1
29
c0_l1_291
1
291
c0_l1_292
1
292
c0_l1_293
1
293
c0_l1_294
1
294
c0_l1_295
1
295
c0_l1_296
1
296
c0_l1_297
1
297
c0_l1_298
1
298
c0_l1_299
1
299
c0_l1_3
1
3
c0_l1_30
1
30
c0_l1_300
1
300
c0_l1_302
1
302
c0_l1_303
1
303
c0_l1_306
1
306
c0_l1_307
1
307
c0_l1_308
1
308
c0_l1_309
1
309
c0_l1_31
1
31
c0_l1_310
1
310
c0_l1_312
1
312
c0_l1_313
1
313
c0_l1_314
1
314
c0_l1_315
1
315
c0_l1_316
1
316
c0_l1_317
1
317
c0_l1_318
1
318
c0_l1_319
1
319
c0_l1_32
1
32
c0_l1_320
1
320
c0_l1_321
1
321
c0_l1_322
1
322
c0_l1_323
1
323
c0_l1_324
1
324
c0_l1_325
1
325
c0_l1_326
1
326
c0_l1_327
1
327
c0_l1_328
1
328
c0_l1_329
1
329
c0_l1_33
1
33
c0_l1_330
1
330
c0_l1_331
1
331
c0_l1_332
1
332
c0_l1_333
1
333
c0_l1_334
2
239
334
c0_l1_335
3
55
148
335
c0_l1_336
1
336
c0_l1_337
1
337
c0_l1_338
1
338
c0_l1_339
1
339
c0_l1_34
1
34
c0_l1_340
1
340
c0_l1_341
1
341
c0_l1_342
1
342
c0_l1_343
1
343
c0_l1_344
1
344
c0_l1_345
1
345
c0_l1_346
1
346
c0_l1_348
1
348
c0_l1_349
1
349
c0_l1_35
1
35
c0_l1_36
1
36
c0_l1_37
1
37
c0_l1_38
1
38
c0_l1_39
1
39
c0_l1_4
1
4
c0_l1_40
1
40
c0_l1_41
1
41
c0_l1_42
1
42
c0_l1_43
1
43
c0_l1_44
1
44
c0_l1_45
1
45
c0_l1_46
1
46
c0_l1_47
1
47
c0_l1_48
1
48
c0_l1_49
1
49
c0_l1_5
1
5
c0_l1_50
1
50
c0_l1_51
1
51
c0_l1_54
1
54
c0_l1_56
1
56
c0_l1_57
1
57
c0_l1_58
1
58
c0_l1_59
1
59
c0_l1_6
1
6
c0_l1_60
1
60
c0_l1_61
1
61
c0_l1_62
1
62
c0_l1_63
1
63
c0_l1_64
1
64
c0_l1_65
1
65
c0_l1_66
1
66
c0_l1_67
1
67
c0_l1_68
1
68
c0_l1_69
1
69
c0_l1_7
1
7
c0_l1_70
1
70
c0_l1_71
1
71
c0_l1_72
1
72
c0_l1_73
1
73
c0_l1_74
1
74
c0_l1_75
1
75
c0_l1_76
1
76
c0_l1_77
1
77
c0_l1_78
1
78
c0_l1_79
1
79
c0_l1_8
1
8
c0_l1_80
1
80
c0_l1_81
1
81
c0_l1_82
1
82
c0_l1_83
1
83
c0_l1_84
1
84
c0_l1_85
1
85
c0_l1_87
1
87
c0_l1_88
1
88
c0_l1_89
1
89
c0_l1_9
1
9
c0_l1_90
1
90
c0_l1_91
1
91
c0_l1_92
1
92
c0_l1_93
1
93
c0_l1_94
4
16
94
215
228
c0_l1_95
1
95
c0_l1_96
1
96
c0_l1_97
1
97
c0_l1_98
1
98
c0_l1_99
1
99
c0_l2_0
350
0
1
2
3
4
5
6
7
8
9
10
11
12
13
14
15
16
17
18
19
20
21
22
23
24
25
26
27
28
29
30
31
32
33
34
35
36
37
38
39
40
41
42
43
44
45
46
47
48
49
50
51
52
53
54
55
56
57
58
59
60
61
62
63
64
65
66
67
68
69
70
71
72
73
74
75
76
77
78
79
80
81
82
83
84
85
86
87
88
89
90
91
92
93
94
95
96
97
98
99
100
101
102
103
104
105
106
107
108
109
110
111
112
113
114
115
116
117
118
119
120
121
122
123
124
125
126
127
128
129
130
131
132
133
134
135
136
137
138
139
140
141
142
143
144
145
146
147
148
149
150
151
152
153
154
155
156
157
158
159
160
161
162
163
164
165
166
167
168
169
170
171
172
173
174
175
176
177
178
179
180
181
182
183
184
185
186
187
188
189
190
191
192
193
194
195
196
197
198
199
200
201
202
203
204
205
206
207
208
209
210
211
212
213
214
215
216
217
218
219
220
221
222
223
224
225
226
227
228
229
230
231
232
233
234
235
236
237
238
239
240
241
242
243
244
245
246
247
248
249
250
251
252
253
254
255
256
257
258
259
260
261
262
263
264
265
266
267
268
269
270
271
272
273
274
275
276
277
278
279
280
281
282
283
284
285
286
287
288
289
290
291
292
293
294
295
296
297
298
299
300
301
302
303
304
305
306
307
308
309
310
311
312
313
314
315
316
317
318
319
320
321
322
323
324
325
326
327
328
329
330
331
332
333
334
335
336
337
338
339
340
341
342
343
344
345
346
347
348
349
